
Matrix 1:
3 1 -1 -3 -5 
3 1 -1 -3 -5 
3 1 -1 -3 -5 
3 1 
Matrix 2:
3 -1 -5 -9 -13 
3 -1 -5 -9 -13 
3 -1 -5 -9 -13 
3 -1 -5 -5 -9 -3 -5 
3 1 -1 -3 -5 
-13 
3 -1 -5 -9 -13 

Matrix 3:
3 -3 -9 -15 -21 
3 -3 -9 -15 -21 
3 -3 -9 -15 -21 
3 -3 -9 -15 -21 
3 -3 -9 -15 -21 

Matrix 4:
3 -5 -13 -21 -29 
3 -5 -13 -21 -29 
3 -5 -13 -21 -29 
3 -5 -13 -21 -29 
3 -5 -13 -21 -29 

Matrix 5:
3 -7 -17 -27 -37 
3 -7 -17 -27 -37 
3 -7 -17 -27 -37 
3 -7 -17 -27 -37 
3 -7 -17 -27 -37 

Matrix 6:
3 -9 -21 -33 -45 
3 -9 -21 -33 -45 
3 -9 -21 -33 -45 
3 -9 -21 -33 -45 
3 -9 -21 -33 -45 
